2.309999999999999831e-01
1.645639317872904517e-02
2.956245102095090421e-02
2.933297201554731920e-02
3.329460013794791062e-02
1.065629821017030979e-02
2.103121996885989192e-02
3.046808417339664024e-02
3.038488263884263699e-02
1.765573311695058795e-02
1.737011166879539117e-02
2.871027749278352165e-02
3.153470594693214696e-02
2.807624500664942721e-02
8.234590465544340890e-03
2.151624234712027836e-02
6.387360478026026661e-03
2.501542336002740216e-02
6.547475163083606164e-02
3.496579678457831242e-02
4.428317965096906228e-02
3.391603802496770403e-02
3.433534850416961742e-02
2.280697805563855485e-02
2.682832285148960966e-02
2.174838938305413694e-02
8.165622536200092124e-03
1.351297378277124990e-02
1.132678696147226480e-02
9.815055009527682076e-03
2.358557229777515432e-02
1.964749474991599187e-02
4.025124361277692374e-03
1.984678037884051935e-02
3.337201250273520714e-02
2.746820312577739204e-02
3.482435670079350731e-02
4.687726442852527785e-03
1.308788833695529895e-03
3.837337259022047253e-02
1.700000000000000122e-02
3.837337259022047253e-02
1.308788833695529895e-03
4.687726442852527785e-03
3.482435670079350731e-02
2.746820312577739204e-02
3.337201250273520714e-02
1.984678037884051935e-02
4.025124361277692374e-03
1.964749474991599187e-02
2.358557229777515432e-02
9.815055009527682076e-03
1.132678696147226480e-02
1.351297378277124990e-02
8.165622536200092124e-03
2.174838938305413694e-02
2.682832285148960966e-02
2.280697805563855485e-02
3.433534850416961742e-02
3.391603802496770403e-02
4.428317965096906228e-02
3.496579678457831242e-02
6.547475163083606164e-02
2.501542336002740216e-02
6.387360478026026661e-03
2.151624234712027836e-02
8.234590465544340890e-03
2.807624500664942721e-02
3.153470594693214696e-02
2.871027749278352165e-02
1.737011166879539117e-02
1.765573311695058795e-02
3.038488263884263699e-02
3.046808417339664024e-02
2.103121996885989192e-02
1.065629821017030979e-02
3.329460013794791062e-02
2.933297201554731920e-02
2.956245102095090421e-02
1.645639317872904517e-02
